'72202403': 0,0,0,0,0,0,0,0,0
'72197334': 0,0,0,0,0,0,0,0,0
'72197203': 0,0,0,0,0,0,0,0,0
'72196657': 0,0,0,0,0,0,0,0,0
'72194817': 0,0,0,0,0,0,0,0,0
'72193700': 0,0,0,0,0,0,0,0,0
'72192694': 0,0,0,0,0,0,0,0,0
'72192407': 0,0,0,0,0,0,0,0,0
'72191785': 0,0,0,0,0,0,0,0,0
'72191132': 0,0,0,0,0,0,0,0,0
'72190787': 0,0,0,0,0,0,0,0,0
'72190566': 0,0,0,0,0,0,0,0,0
'72190192': 0,0,0,0,0,0,0,0,0
'72190077': 0,0,0,0,0,0,0,0,0
'72190021': 0,0,0,0,0,0,0,0,0
'72189629': 0,0,0,0,0,0,0,0,0
'72189136': 0,0,0,0,0,0,0,0,0
'72188672': 0,0,0,0,0,0,0,0,0
'72188590': 0,0,0,0,0,0,0,0,0
'72188570': 0,0,0,0,0,0,0,0,0
'72188454': 0,0,0,0,0,0,0,0,0
'72188199': 0,0,0,0,0,0,0,0,0
'72188134': 0,0,0,0,0,0,0,0,0
'72188079': 0,0,0,0,0,0,0,0,0
'72187979': 0,0,0,0,0,0,0,0,0
'72187927': 0,0,0,0,0,0,0,0,0
'72187835': 0,0,0,0,0,0,0,0,0
'72187449': 0,0,0,0,0,0,0,0,0
'72187435': 0,0,0,0,0,0,0,0,0
'72187393': 0,0,0,0,0,0,0,0,0
'72187359': 0,0,0,0,0,0,0,0,0
'72187335': 0,0,0,0,0,0,0,0,0
'72187282': 0,0,0,0,0,0,0,0,0
'72187192': 0,0,0,0,0,0,0,0,0
'72187112': 0,0,0,0,0,0,0,0,0
'72186964': 0,0,0,0,0,0,0,0,0
'72186767': 0,0,0,0,0,0,0,0,0
'72186483': 0,0,0,0,0,0,0,0,0
'72184849': 0,0,0,0,0,0,0,0,0
'72184332': 0,0,0,0,0,0,0,0,0
'72184200': 0,0,0,0,0,0,0,0,0
'72184191': 0,0,0,0,0,0,0,0,0
'72184185': 0,0,0,0,0,0,0,0,0
'72184168': 0,0,0,0,0,0,0,0,0
'72184117': 0,0,0,0,0,0,0,0,0
'72184076': 0,0,0,0,0,0,0,0,0
'72184070': 0,0,0,0,0,0,0,0,0
'72184016': 0,0,0,0,0,0,0,0,0
'72183982': 0,0,0,0,0,0,0,0,0
'72183960': 0,0,0,0,0,0,0,0,0
'72183948': 0,0,0,0,0,0,0,0,0
'72183917': 0,0,0,0,0,0,0,0,0
'72183832': 0,0,0,0,0,0,0,0,0
'72183807': 0,0,0,0,0,0,0,0,0
'72183495': 0,0,0,0,0,0,0,0,0
'72183329': 0,0,0,0,0,0,0,0,0
'72183285': 0,0,0,0,0,0,0,0,0
'72183253': 0,0,0,0,0,0,0,0,0
'72183210': 0,0,0,0,0,0,0,0,0
'72183118': 0,0,0,0,0,0,0,0,0
'72182943': 0,0,0,0,0,0,0,0,0
'72182942': 0,0,0,0,0,0,0,0,0
'72182914': 0,0,0,0,0,0,0,0,0
'72182912': 0,0,0,0,0,0,0,0,0
'72182846': 0,0,0,0,0,0,0,0,0
'72182815': 0,0,0,0,0,0,0,0,0
'72182743': 0,0,0,0,0,0,0,0,0
'72182723': 0,0,0,0,0,0,0,0,0
'72182674': 0,0,0,0,0,0,0,0,0
'72182671': 0,0,0,0,0,0,0,0,0
'72182600': 0,0,0,0,0,0,0,0,0
'72182549': 0,0,0,0,0,0,0,0,0
'72182540': 0,0,0,0,0,0,0,0,0
'72182423': 0,0,0,0,0,0,0,0,0
'72182371': 0,0,0,0,0,0,0,0,0
'72182306': 0,0,0,0,0,0,0,0,0
'72182297': 0,0,0,0,0,0,0,0,0
'72182284': 0,0,0,0,0,0,0,0,0
'72182221': 0,0,0,0,0,0,0,0,0
'72182220': 0,0,0,0,0,0,0,0,0
'72182219': 0,0,0,0,0,0,0,0,0
'72182177': 0,0,0,0,0,0,0,0,0
'72182144': 0,0,0,0,0,0,0,0,0
'72182020': 0,0,0,0,0,0,0,0,0
'72182018': 0,0,0,0,0,0,0,0,0
'72181981': 0,0,0,0,0,0,0,0,0
'72181970': 0,0,0,0,0,0,0,0,0
'72181962': 0,0,0,0,0,0,0,0,0
'72181908': 0,0,0,0,0,0,0,0,0
'72181892': 0,0,0,0,0,0,0,0,0
'72181835': 0,0,0,0,0,0,0,0,0
'72181817': 0,0,0,0,0,0,0,0,0
'72181628': 0,0,0,0,0,0,0,0,0
'72181627': 0,0,0,0,0,0,0,0,0
'72181623': 0,0,0,0,0,0,0,0,0
'72181609': 0,0,0,0,0,0,0,0,0
'72181585': 0,0,0,0,0,0,0,0,0
'72181578': 0,0,0,0,0,0,0,0,0
'72181563': 0,0,0,0,0,0,0,0,0
'72181544': 0,0,0,0,0,0,0,0,0
'72181523': 0,0,0,0,0,0,0,0,0
'72181516': 0,0,0,0,0,0,0,0,0
'72181499': 0,0,0,0,0,0,0,0,0
'72181454': 0,0,0,0,0,0,0,0,0
'72181441': 0,0,0,0,0,0,0,0,0
'72181368': 0,0,0,0,0,0,0,0,0
'72181228': 0,0,0,0,0,0,0,0,0
'72181038': 0,0,0,0,0,0,0,0,0
'72180968': 0,0,0,0,0,0,0,0,0
'72180958': 0,0,0,0,0,0,0,0,0
'72180953': 0,0,0,0,0,0,0,0,0
'72180920': 0,0,0,0,0,0,0,0,0
'72180879': 0,0,0,0,0,0,0,0,0
'72180758': 0,0,0,0,0,0,0,0,0
'72180665': 0,0,0,0,0,0,0,0,0
'72180623': 0,0,0,0,0,0,0,0,0
'72180573': 0,0,0,0,0,0,0,0,0
'72180454': 0,0,0,0,0,0,0,0,0
'72180414': 0,0,0,0,0,0,0,0,0
'72180413': 0,0,0,0,0,0,0,0,0
'72180375': 0,0,0,0,0,0,0,0,0
'72180368': 0,0,0,0,0,0,0,0,0
'72180337': 0,0,0,0,0,0,0,0,0
'72180319': 0,0,0,0,0,0,0,0,0
'72180194': 0,0,0,0,0,0,0,0,0
'72180116': 0,0,0,0,0,0,0,0,0
'72179996': 0,0,0,0,0,0,0,0,0
'72179954': 0,0,0,0,0,0,0,0,0
'72179817': 0,0,0,0,0,0,0,0,0
'72179807': 0,0,0,0,0,0,0,0,0
'72179748': 0,0,0,0,0,0,0,0,0
'72179717': 0,0,0,0,0,0,0,0,0
'72179670': 0,0,0,0,0,0,0,0,0
'72179661': 0,0,0,0,0,0,0,0,0
'72179637': 0,0,0,0,0,0,0,0,0
'72179630': 0,0,0,0,0,0,0,0,0
'72179622': 0,0,0,0,0,0,0,0,0
'72179601': 0,0,0,0,0,0,0,0,0
'72179584': 0,0,0,0,0,0,0,0,0
'72179559': 0,0,0,0,0,0,0,0,0
'72179457': 0,0,0,0,0,0,0,0,0
'72179442': 0,0,0,0,0,0,0,0,0
'72179438': 0,0,0,0,0,0,0,0,0
'72179420': 0,0,0,0,0,0,0,0,0
'72179412': 0,0,0,0,0,0,0,0,0
'72179403': 0,0,0,0,0,0,0,0,0
'72179372': 0,0,0,0,0,0,0,0,0
'72179238': 0,0,0,0,0,0,0,0,0
'72179223': 0,0,0,0,0,0,0,0,0
'72179220': 0,0,0,0,0,0,0,0,0
'72179218': 0,0,0,0,0,0,0,0,0
'72179182': 0,0,0,0,0,0,0,0,0
'72179174': 0,0,0,0,0,0,0,0,0
'72179165': 0,0,0,0,0,0,0,0,0
'72179116': 0,0,0,0,0,0,0,0,0
'72179064': 0,0,0,0,0,0,0,0,0
'72178895': 0,0,0,0,0,0,0,0,0
'72178887': 0,0,0,0,0,0,0,0,0
'72178862': 0,0,0,0,0,0,0,0,0
'72178850': 0,0,0,0,0,0,0,0,0
'72178818': 0,0,0,0,0,0,0,0,0
'72178779': 0,0,0,0,0,0,0,0,0
'72178777': 0,0,0,0,0,0,0,0,0
'72178732': 0,0,0,0,0,0,0,0,0
'72178709': 0,0,0,0,0,0,0,0,0
'72178705': 0,0,0,0,0,0,0,0,0
'72178636': 0,0,0,0,0,0,0,0,0
'72178627': 0,0,0,0,0,0,0,0,0
'72178522': 0,0,0,0,0,0,0,0,0
'72178520': 0,0,0,0,0,0,0,0,0
'72178437': 0,0,0,0,0,0,0,0,0
'72178432': 0,0,0,0,0,0,0,0,0
'72178422': 0,0,0,0,0,0,0,0,0
'72178404': 0,0,0,0,0,0,0,0,0
'72178367': 0,0,0,0,0,0,0,0,0
'72178332': 0,0,0,0,0,0,0,0,0
'72178328': 0,0,0,0,0,0,0,0,0
'72178287': 0,0,0,0,0,0,0,0,0
'72178266': 0,0,0,0,0,0,0,0,0
'72178249': 0,0,0,0,0,0,0,0,0
'72178248': 0,0,0,0,0,0,0,0,0
'72178243': 0,0,0,0,0,0,0,0,0
'72178157': 0,0,0,0,0,0,0,0,0
'72178117': 0,0,0,0,0,0,0,0,0
'72178069': 0,0,0,0,0,0,0,0,0
'72177965': 0,0,0,0,0,0,0,0,0
'72177940': 0,0,0,0,0,0,0,0,0
'72177914': 0,0,0,0,0,0,0,0,0
'72177899': 0,0,0,0,0,0,0,0,0
'72177873': 0,0,0,0,0,0,0,0,0
'72177860': 0,0,0,0,0,0,0,0,0
'72177801': 0,0,0,0,0,0,0,0,0
'72177748': 0,0,0,0,0,0,0,0,0
'72177747': 0,0,0,0,0,0,0,0,0
'72177735': 0,0,0,0,0,0,0,0,0
'72177675': 0,0,0,0,0,0,0,0,0
'72177652': 0,0,0,0,0,0,0,0,0
'72177631': 0,0,0,0,0,0,0,0,0
'72177592': 0,0,0,0,0,0,0,0,0
'72177541': 0,0,0,0,0,0,0,0,0
'72177540': 0,0,0,0,0,0,0,0,0
'72177526': 0,0,0,0,0,0,0,0,0
'72177463': 0,0,0,0,0,0,0,0,0
'72177460': 0,0,0,0,0,0,0,0,0
'72177448': 0,0,0,0,0,0,0,0,0
'72177431': 0,0,0,0,0,0,0,0,0
'72177387': 0,0,0,0,0,0,0,0,0
'72177358': 0,0,0,0,0,0,0,0,0
'72177231': 0,0,0,0,0,0,0,0,0
'72177211': 0,0,0,0,0,0,0,0,0
'72177173': 0,0,0,0,0,0,0,0,0
'72177155': 0,0,0,0,0,0,0,0,0
'72177134': 0,0,0,0,0,0,0,0,0
'72177122': 0,0,0,0,0,0,0,0,0
'72177077': 0,0,0,0,0,0,0,0,0
'72176984': 0,0,0,0,0,0,0,0,0
'72176913': 0,0,0,0,0,0,0,0,0
'72176826': 0,0,0,0,0,0,0,0,0
'72176821': 0,0,0,0,0,0,0,0,0
'72176743': 0,0,0,0,0,0,0,0,0
'72176714': 0,0,0,0,0,0,0,0,0
'72176710': 0,0,0,0,0,0,0,0,0
'72176663': 0,0,0,0,0,0,0,0,0
'72176514': 0,0,0,0,0,0,0,0,0
'72176372': 0,0,0,0,0,0,0,0,0
'72176356': 0,0,0,0,0,0,0,0,0
'72176291': 0,0,0,0,0,0,0,0,0
'72176281': 0,0,0,0,0,0,0,0,0
'72176137': 0,0,0,0,0,0,0,0,0
'72176022': 0,0,0,0,0,0,0,0,0
'72175952': 0,0,0,0,0,0,0,0,0
'72175951': 0,0,0,0,0,0,0,0,0
'72175933': 0,0,0,0,0,0,0,0,0
'72175925': 0,0,0,0,0,0,0,0,0
'72175885': 0,0,0,0,0,0,0,0,0
'72175843': 0,0,0,0,0,0,0,0,0
'72175798': 0,0,0,0,0,0,0,0,0
'72175698': 0,0,0,0,0,0,0,0,0
'72175680': 0,0,0,0,0,0,0,0,0
'72175583': 0,0,0,0,0,0,0,0,0
'72175557': 0,0,0,0,0,0,0,0,0
'72175539': 0,0,0,0,0,0,0,0,0
'72175530': 0,0,0,0,0,0,0,0,0
'72175517': 0,0,0,0,0,0,0,0,0
'72175463': 0,0,0,0,0,0,0,0,0
'72175454': 0,0,0,0,0,0,0,0,0
'72175441': 0,0,0,0,0,0,0,0,0
'72175440': 0,0,0,0,0,0,0,0,0
'72175365': 0,0,0,0,0,0,0,0,0
'72175309': 0,0,0,0,0,0,0,0,0
'72175239': 0,0,0,0,0,0,0,0,0
'72175233': 0,0,0,0,0,0,0,0,0
'72175228': 0,0,0,0,0,0,0,0,0
'72175206': 0,0,0,0,0,0,0,0,0
'72175178': 0,0,0,0,0,0,0,0,0
'72175073': 0,0,0,0,0,0,0,0,0
'72175003': 0,0,0,0,0,0,0,0,0
'72174971': 0,0,0,0,0,0,0,0,0
'72174953': 0,0,0,0,0,0,0,0,0
'72174932': 0,0,0,0,0,0,0,0,0
'72174891': 0,0,0,0,0,0,0,0,0
'72174889': 0,0,0,0,0,0,0,0,0
'72174841': 0,0,0,0,0,0,0,0,0
'72174777': 0,0,0,0,0,0,0,0,0
'72174768': 0,0,0,0,0,0,0,0,0
'72174756': 0,0,0,0,0,0,0,0,0
'72174755': 0,0,0,0,0,0,0,0,0
'72174751': 0,0,0,0,0,0,0,0,0
'72174741': 0,0,0,0,0,0,0,0,0
'72174709': 0,0,0,0,0,0,0,0,0
'72174685': 0,0,0,0,0,0,0,0,0
'72174656': 0,0,0,0,0,0,0,0,0
'72174629': 0,0,0,0,0,0,0,0,0
'72174616': 0,0,0,0,0,0,0,0,0
'72174539': 0,0,0,0,0,0,0,0,0
'72174444': 0,0,0,0,0,0,0,0,0
'72174435': 0,0,0,0,0,0,0,0,0
'72174409': 0,0,0,0,0,0,0,0,0
'72174399': 0,0,0,0,0,0,0,0,0
'72174398': 0,0,0,0,0,0,0,0,0
'72174371': 0,0,0,0,0,0,0,0,0
'72174354': 0,0,0,0,0,0,0,0,0
'72174323': 0,0,0,0,0,0,0,0,0
'72174233': 0,0,0,0,0,0,0,0,0
'72174232': 0,0,0,0,0,0,0,0,0
'72174129': 0,0,0,0,0,0,0,0,0
'72174110': 0,0,0,0,0,0,0,0,0
'72174091': 0,0,0,0,0,0,0,0,0
'72174084': 0,0,0,0,0,0,0,0,0
'72174056': 0,0,0,0,0,0,0,0,0
'72174040': 0,0,0,0,0,0,0,0,0
'72174033': 0,0,0,0,0,0,0,0,0
'72173953': 0,0,0,0,0,0,0,0,0
'72173948': 0,0,0,0,0,0,0,0,0
'72173947': 0,0,0,0,0,0,0,0,0
'72173894': 0,0,0,0,0,0,0,0,0
'72173893': 0,0,0,0,0,0,0,0,0
'72173888': 0,0,0,0,0,0,0,0,0
'72173801': 0,0,0,0,0,0,0,0,0
'72173764': 0,0,0,0,0,0,0,0,0
'72173696': 0,0,0,0,0,0,0,0,0
'72173694': 0,0,0,0,0,0,0,0,0
'72173685': 0,0,0,0,0,0,0,0,0
'72173675': 0,0,0,0,0,0,0,0,0
'72173653': 0,0,0,0,0,0,0,0,0
'72173627': 0,0,0,0,0,0,0,0,0
'72173606': 0,0,0,0,0,0,0,0,0
'72173578': 0,0,0,0,0,0,0,0,0
'72173571': 0,0,0,0,0,0,0,0,0
'72173538': 0,0,0,0,0,0,0,0,0
'72173499': 0,0,0,0,0,0,0,0,0
'72173491': 0,0,0,0,0,0,0,0,0
'72173441': 0,0,0,0,0,0,0,0,0
'72173395': 0,0,0,0,0,0,0,0,0
'72173379': 0,0,0,0,0,0,0,0,0
'72173378': 0,0,0,0,0,0,0,0,0
'72173347': 0,0,0,0,0,0,0,0,0
'72173302': 0,0,0,0,0,0,0,0,0
'72173293': 0,0,0,0,0,0,0,0,0
'72173279': 0,0,0,0,0,0,0,0,0
'72173267': 0,0,0,0,0,0,0,0,0
'72173244': 0,0,0,0,0,0,0,0,0
'72173232': 0,0,0,0,0,0,0,0,0
'72173228': 0,0,0,0,0,0,0,0,0
'72173222': 0,0,0,0,0,0,0,0,0
'72173180': 0,0,0,0,0,0,0,0,0
'72173165': 0,0,0,0,0,0,0,0,0
'72173152': 0,0,0,0,0,0,0,0,0
'72173138': 0,0,0,0,0,0,0,0,0
'72173125': 0,0,0,0,0,0,0,0,0
'72173119': 0,0,0,0,0,0,0,0,0
'72173078': 0,0,0,0,0,0,0,0,0
'72173063': 0,0,0,0,0,0,0,0,0
'72173046': 0,0,0,0,0,0,0,0,0
'72173031': 0,0,0,0,0,0,0,0,0
'72172982': 0,0,0,0,0,0,0,0,0
'72172974': 0,0,0,0,0,0,0,0,0
'72172970': 0,0,0,0,0,0,0,0,0
'72172956': 0,0,0,0,0,0,0,0,0
'72172949': 0,0,0,0,0,0,0,0,0
'72172942': 0,0,0,0,0,0,0,0,0
'72172937': 0,0,0,0,0,0,0,0,0
'72172924': 0,0,0,0,0,0,0,0,0
'72172906': 0,0,0,0,0,0,0,0,0
'72172814': 0,0,0,0,0,0,0,0,0
'72172754': 0,0,0,0,0,0,0,0,0
'72172713': 0,0,0,0,0,0,0,0,0
'72172704': 0,0,0,0,0,0,0,0,0
'72172689': 0,0,0,0,0,0,0,0,0
'72172683': 0,0,0,0,0,0,0,0,0
'72172625': 0,0,0,0,0,0,0,0,0
'72172623': 0,0,0,0,0,0,0,0,0
'72172552': 0,0,0,0,0,0,0,0,0
'72172540': 0,0,0,0,0,0,0,0,0
'72172475': 0,0,0,0,0,0,0,0,0
'72172470': 0,0,0,0,0,0,0,0,0
'72172462': 0,0,0,0,0,0,0,0,0
'72172423': 0,0,0,0,0,0,0,0,0
'72172412': 0,0,0,0,0,0,0,0,0
'72172400': 0,0,0,0,0,0,0,0,0
'72172345': 0,0,0,0,0,0,0,0,0
'72172293': 0,0,0,0,0,0,0,0,0
'72172292': 0,0,0,0,0,0,0,0,0
'72172279': 0,0,0,0,0,0,0,0,0
'72172229': 0,0,0,0,0,0,0,0,0
'72172210': 0,0,0,0,0,0,0,0,0
'72172205': 0,0,0,0,0,0,0,0,0
'72172085': 0,0,0,0,0,0,0,0,0
'72172060': 0,0,0,0,0,0,0,0,0
'72172049': 0,0,0,0,0,0,0,0,0
'72172039': 0,0,0,0,0,0,0,0,0
'72172033': 0,0,0,0,0,0,0,0,0
'72172032': 0,0,0,0,0,0,0,0,0
'72172007': 0,0,0,0,0,0,0,0,0
'72172002': 0,0,0,0,0,0,0,0,0
'72171976': 0,0,0,0,0,0,0,0,0
'72171904': 0,0,0,0,0,0,0,0,0
'72171856': 0,0,0,0,0,0,0,0,0
'72171812': 0,0,0,0,0,0,0,0,0
'72171762': 0,0,0,0,0,0,0,0,0
'72171651': 0,0,0,0,0,0,0,0,0
'72171641': 0,0,0,0,0,0,0,0,0
'72171614': 0,0,0,0,0,0,0,0,0
'72171607': 0,0,0,0,0,0,0,0,0
'72171594': 0,0,0,0,0,0,0,0,0
'72171584': 0,0,0,0,0,0,0,0,0
'72171548': 0,0,0,0,0,0,0,0,0
'72171534': 0,0,0,0,0,0,0,0,0
'72171460': 0,0,0,0,0,0,0,0,0
'72171448': 0,0,0,0,0,0,0,0,0
'72171434': 0,0,0,0,0,0,0,0,0
'72171432': 0,0,0,0,0,0,0,0,0
'72171426': 0,0,0,0,0,0,0,0,0
'72171347': 0,0,0,0,0,0,0,0,0
'72171230': 0,0,0,0,0,0,0,0,0
'72171226': 0,0,0,0,0,0,0,0,0
'72171146': 0,0,0,0,0,0,0,0,0
'72171145': 0,0,0,0,0,0,0,0,0
'72171111': 0,0,0,0,0,0,0,0,0
'72171007': 0,0,0,0,0,0,0,0,0
'72170997': 0,0,0,0,0,0,0,0,0
'72170994': 0,0,0,0,0,0,0,0,0
'72170948': 0,0,0,0,0,0,0,0,0
'72170942': 0,0,0,0,0,0,0,0,0
'72170908': 0,0,0,0,0,0,0,0,0
'72170854': 0,0,0,0,0,0,0,0,0
'72170818': 0,0,0,0,0,0,0,0,0
'72170769': 0,0,0,0,0,0,0,0,0
'72170760': 0,0,0,0,0,0,0,0,0
'72170752': 0,0,0,0,0,0,0,0,0
'72170742': 0,0,0,0,0,0,0,0,0
'72170649': 0,0,0,0,0,0,0,0,0
'72170637': 0,0,0,0,0,0,0,0,0
'72170617': 0,0,0,0,0,0,0,0,0
'72170587': 0,0,0,0,0,0,0,0,0
'72170571': 0,0,0,0,0,0,0,0,0
'72170556': 0,0,0,0,0,0,0,0,0
'72170552': 0,0,0,0,0,0,0,0,0
'72170475': 0,0,0,0,0,0,0,0,0
'72170471': 0,0,0,0,0,0,0,0,0
'72170467': 0,0,0,0,0,0,0,0,0
'72170458': 0,0,0,0,0,0,0,0,0
'72170419': 0,0,0,0,0,0,0,0,0
'72170366': 0,0,0,0,0,0,0,0,0
'72170313': 0,0,0,0,0,0,0,0,0
'72170295': 0,0,0,0,0,0,0,0,0
'72170286': 0,0,0,0,0,0,0,0,0
'72170184': 0,0,0,0,0,0,0,0,0
'72170008': 0,0,0,0,0,0,0,0,0
'72169945': 0,0,0,0,0,0,0,0,0
'72169885': 0,0,0,0,0,0,0,0,0
'72169876': 0,0,0,0,0,0,0,0,0
'72169599': 0,0,0,0,0,0,0,0,0
'72169569': 0,0,0,0,0,0,0,0,0
'72169447': 0,0,0,0,0,0,0,0,0
'72169411': 0,0,0,0,0,0,0,0,0
'72169362': 0,0,0,0,0,0,0,0,0
'72169247': 0,0,0,0,0,0,0,0,0
'72169217': 0,0,0,0,0,0,0,0,0
'72169170': 0,0,0,0,0,0,0,0,0
'72169153': 0,0,0,0,0,0,0,0,0
'72169112': 0,0,0,0,0,0,0,0,0
'72169107': 0,0,0,0,0,0,0,0,0
'72169078': 0,0,0,0,0,0,0,0,0
'72169075': 0,0,0,0,0,0,0,0,0
'72169073': 0,0,0,0,0,0,0,0,0
'72169034': 0,0,0,0,0,0,0,0,0
'72169027': 0,0,0,0,0,0,0,0,0
'72169012': 0,0,0,0,0,0,0,0,0
'72169008': 0,0,0,0,0,0,0,0,0
'72168988': 0,0,0,0,0,0,0,0,0
'72168928': 0,0,0,0,0,0,0,0,0
'72168920': 0,0,0,0,0,0,0,0,0
'72168913': 0,0,0,0,0,0,0,0,0
'72168912': 0,0,0,0,0,0,0,0,0
'72168895': 0,0,0,0,0,0,0,0,0
'72168893': 0,0,0,0,0,0,0,0,0
'72168869': 0,0,0,0,0,0,0,0,0
'72168853': 0,0,0,0,0,0,0,0,0
'72168849': 0,0,0,0,0,0,0,0,0
'72168848': 0,0,0,0,0,0,0,0,0
'72168822': 0,0,0,0,0,0,0,0,0
'72168815': 0,0,0,0,0,0,0,0,0
'72168791': 0,0,0,0,0,0,0,0,0
'72168778': 0,0,0,0,0,0,0,0,0
'72168769': 0,0,0,0,0,0,0,0,0
'72168737': 0,0,0,0,0,0,0,0,0
'72168729': 0,0,0,0,0,0,0,0,0
'72168712': 0,0,0,0,0,0,0,0,0
'72168672': 0,0,0,0,0,0,0,0,0
'72168666': 0,0,0,0,0,0,0,0,0
'72168649': 0,0,0,0,0,0,0,0,0
'72168640': 0,0,0,0,0,0,0,0,0
'72168625': 0,0,0,0,0,0,0,0,0
'72168613': 0,0,0,0,0,0,0,0,0
'72168601': 0,0,0,0,0,0,0,0,0
'72168600': 0,0,0,0,0,0,0,0,0
'72168563': 0,0,0,0,0,0,0,0,0
'72168510': 0,0,0,0,0,0,0,0,0
'72168494': 0,0,0,0,0,0,0,0,0
'72168327': 0,0,0,0,0,0,0,0,0
'72168155': 0,0,0,0,0,0,0,0,0
'72168030': 0,0,0,0,0,0,0,0,0
'72167838': 0,0,0,0,0,0,0,0,0
'72167725': 0,0,0,0,0,0,0,0,0
'72167721': 0,0,0,0,0,0,0,0,0
'72167663': 0,0,0,0,0,0,0,0,0
'72167586': 0,0,0,0,0,0,0,0,0
'72167579': 0,0,0,0,0,0,0,0,0
'72167512': 0,0,0,0,0,0,0,0,0
'72167429': 0,0,0,0,0,0,0,0,0
'72167377': 0,0,0,0,0,0,0,0,0
'72167231': 0,0,0,0,0,0,0,0,0
'72167221': 0,0,0,0,0,0,0,0,0
'72167163': 0,0,0,0,0,0,0,0,0
'72167125': 0,0,0,0,0,0,0,0,0
'72167071': 0,0,0,0,0,0,0,0,0
'72167018': 0,0,0,0,0,0,0,0,0
'72166918': 0,0,0,0,0,0,0,0,0
'72166904': 0,0,0,0,0,0,0,0,0
'72166818': 0,0,0,0,0,0,0,0,0
'72166810': 0,0,0,0,0,0,0,0,0
'72166670': 0,0,0,0,0,0,0,0,0
'72166666': 0,0,0,0,0,0,0,0,0
'72166568': 0,0,0,0,0,0,0,0,0
'72166426': 0,0,0,0,0,0,0,0,0
'72166232': 0,0,0,0,0,0,0,0,0
'72166171': 0,0,0,0,0,0,0,0,0
'72166087': 0,0,0,0,0,0,0,0,0
'72165855': 0,0,0,0,0,0,0,0,0
'72165768': 0,0,0,0,0,0,0,0,0
'72165737': 0,0,0,0,0,0,0,0,0
'72165625': 0,0,0,0,0,0,0,0,0
'72165557': 0,0,0,0,0,0,0,0,0
'72165459': 0,0,0,0,0,0,0,0,0
'72165192': 0,0,0,0,0,0,0,0,0
'72165174': 0,0,0,0,0,0,0,0,0
'72165133': 0,0,0,0,0,0,0,0,0
'72165092': 0,0,0,0,0,0,0,0,0
'72164998': 0,0,0,0,0,0,0,0,0
'72164867': 0,0,0,0,0,0,0,0,0
'72164694': 0,0,0,0,0,0,0,0,0
'72164425': 0,0,0,0,0,0,0,0,0
'72164344': 0,0,0,0,0,0,0,0,0
'72164256': 0,0,0,0,0,0,0,0,0
'72164193': 0,0,0,0,0,0,0,0,0
'72164159': 0,0,0,0,0,0,0,0,0
'72163970': 0,0,0,0,0,0,0,0,0
'72163903': 0,0,0,0,0,0,0,0,0
'72163877': 0,0,0,0,0,0,0,0,0
'72163737': 0,0,0,0,0,0,0,0,0
'72163543': 0,0,0,0,0,0,0,0,0
'72163459': 0,0,0,0,0,0,0,0,0
'72163153': 0,0,0,0,0,0,0,0,0
'72162870': 0,0,0,0,0,0,0,0,0
'72162826': 0,0,0,0,0,0,0,0,0
'72162791': 0,0,0,0,0,0,0,0,0
'72162781': 0,0,0,0,0,0,0,0,0
'72162696': 0,0,0,0,0,0,0,0,0
'72162605': 0,0,0,0,0,0,0,0,0
'72162428': 0,0,0,0,0,0,0,0,0
'72162419': 0,0,0,0,0,0,0,0,0
'72162339': 0,0,0,0,0,0,0,0,0
'72162296': 0,0,0,0,0,0,0,0,0
'72162238': 0,0,0,0,0,0,0,0,0
'72162204': 0,0,0,0,0,0,0,0,0
'72162096': 0,0,0,0,0,0,0,0,0
'72161670': 0,0,0,0,0,0,0,0,0
'72161464': 0,0,0,0,0,0,0,0,0
'72161459': 0,0,0,0,0,0,0,0,0
'72161292': 0,0,0,0,0,0,0,0,0
'72161199': 0,0,0,0,0,0,0,0,0
'72161198': 0,0,0,0,0,0,0,0,0
'72161195': 0,0,0,0,0,0,0,0,0
'72161092': 0,0,0,0,0,0,0,0,0
'72160838': 0,0,0,0,0,0,0,0,0
'72160815': 0,0,0,0,0,0,0,0,0
'72160376': 0,0,0,0,0,0,0,0,0
'72160261': 0,0,0,0,0,0,0,0,0
'72160046': 0,0,0,0,0,0,0,0,0
'72160011': 0,0,0,0,0,0,0,0,0
'72159944': 0,0,0,0,0,0,0,0,0
'72159538': 0,0,0,0,0,0,0,0,0
'72159278': 0,0,0,0,0,0,0,0,0
'72159170': 0,0,0,0,0,0,0,0,0
'72158916': 0,0,0,0,0,0,0,0,0
'72158851': 0,0,0,0,0,0,0,0,0
'72158816': 0,0,0,0,0,0,0,0,0
'72158538': 0,0,0,0,0,0,0,0,0
'72158529': 0,0,0,0,0,0,0,0,0
'72158441': 0,0,0,0,0,0,0,0,0
'72158370': 0,0,0,0,0,0,0,0,0
'72158327': 0,0,0,0,0,0,0,0,0
'72158268': 0,0,0,0,0,0,0,0,0
'72158003': 0,0,0,0,0,0,0,0,0
'72157961': 0,0,0,0,0,0,0,0,0
'72157914': 0,0,0,0,0,0,0,0,0
'72157909': 0,0,0,0,0,0,0,0,0
'72157818': 0,0,0,0,0,0,0,0,0
'72157790': 0,0,0,0,0,0,0,0,0
'72157744': 0,0,0,0,0,0,0,0,0
'72157584': 0,0,0,0,0,0,0,0,0
'72157408': 0,0,0,0,0,0,0,0,0
'72157388': 0,0,0,0,0,0,0,0,0
'72157303': 0,0,0,0,0,0,0,0,0
'72157263': 0,0,0,0,0,0,0,0,0
'72157205': 0,0,0,0,0,0,0,0,0
'72157191': 0,0,0,0,0,0,0,0,0
'72157127': 0,0,0,0,0,0,0,0,0
'72157067': 0,0,0,0,0,0,0,0,0
'72157017': 0,0,0,0,0,0,0,0,0
'72156960': 0,0,0,0,0,0,0,0,0
'72156921': 0,0,0,0,0,0,0,0,0
'72156879': 0,0,0,0,0,0,0,0,0
'72156853': 0,0,0,0,0,0,0,0,0
'72156732': 0,0,0,0,0,0,0,0,0
'72156670': 0,0,0,0,0,0,0,0,0
'72156669': 0,0,0,0,0,0,0,0,0
'72156650': 0,0,0,0,0,0,0,0,0
'72156558': 0,0,0,0,0,0,0,0,0
'72156511': 0,0,0,0,0,0,0,0,0
'72156503': 0,0,0,0,0,0,0,0,0
'72156418': 0,0,0,0,0,0,0,0,0
'72156275': 0,0,0,0,0,0,0,0,0
'72156188': 0,0,0,0,0,0,0,0,0
'72156154': 0,0,0,0,0,0,0,0,0
'72156122': 0,0,0,0,0,0,0,0,0
'72155904': 0,0,0,0,0,0,0,0,0
'72155898': 0,0,0,0,0,0,0,0,0
'72155551': 0,0,0,0,0,0,0,0,0
'72155497': 0,0,0,0,0,0,0,0,0
'72155469': 0,0,0,0,0,0,0,0,0
'72155191': 0,0,0,0,0,0,0,0,0
'72155178': 0,0,0,0,0,0,0,0,0
'72154847': 0,0,0,0,0,0,0,0,0
'72154725': 0,0,0,0,0,0,0,0,0
'72154707': 0,0,0,0,0,0,0,0,0
'72154691': 0,0,0,0,0,0,0,0,0
'72154626': 0,0,0,0,0,0,0,0,0
'72154436': 0,0,0,0,0,0,0,0,0
'72154150': 0,0,0,0,0,0,0,0,0
'72154122': 0,0,0,0,0,0,0,0,0
'72154071': 0,0,0,0,0,0,0,0,0
'72153961': 0,0,0,0,0,0,0,0,0
'72153959': 0,0,0,0,0,0,0,0,0
'72153933': 0,0,0,0,0,0,0,0,0
'72153830': 0,0,0,0,0,0,0,0,0
'72153766': 0,0,0,0,0,0,0,0,0
'72153692': 0,0,0,0,0,0,0,0,0
'72153686': 0,0,0,0,0,0,0,0,0
'72153593': 0,0,0,0,0,0,0,0,0
'72153587': 0,0,0,0,0,0,0,0,0
'72153494': 0,0,0,0,0,0,0,0,0
'72153430': 0,0,0,0,0,0,0,0,0
'72153382': 0,0,0,0,0,0,0,0,0
'72153239': 0,0,0,0,0,0,0,0,0
'72153211': 0,0,0,0,0,0,0,0,0
'72152986': 0,0,0,0,0,0,0,0,0
'72152876': 0,0,0,0,0,0,0,0,0
'72152720': 0,0,0,0,0,0,0,0,0
'72152717': 0,0,0,0,0,0,0,0,0
'72152693': 0,0,0,0,0,0,0,0,0
'72152635': 0,0,0,0,0,0,0,0,0
'72152496': 0,0,0,0,0,0,0,0,0
'72152349': 0,0,0,0,0,0,0,0,0
'72152266': 0,0,0,0,0,0,0,0,0
'72152232': 0,0,0,0,0,0,0,0,0
'72152062': 0,0,0,0,0,0,0,0,0
'72151908': 0,0,0,0,0,0,0,0,0
'72151895': 0,0,0,0,0,0,0,0,0
'72151728': 0,0,0,0,0,0,0,0,0
'72151522': 0,0,0,0,0,0,0,0,0
'72151487': 0,0,0,0,0,0,0,0,0
'72151380': 0,0,0,0,0,0,0,0,0
'72151359': 0,0,0,0,0,0,0,0,0
'72151202': 0,0,0,0,0,0,0,0,0
'72151157': 0,0,0,0,0,0,0,0,0
'72151101': 0,0,0,0,0,0,0,0,0
'72150899': 0,0,0,0,0,0,0,0,0
'72150738': 0,0,0,0,0,0,0,0,0
'72150731': 0,0,0,0,0,0,0,0,0
'72150682': 0,0,0,0,0,0,0,0,0
'72149504': 0,0,0,0,0,0,0,0,0
'72149483': 0,0,0,0,0,0,0,0,0
'72149395': 0,0,0,0,0,0,0,0,0
'72149337': 0,0,0,0,0,0,0,0,0
'72149259': 0,0,0,0,0,0,0,0,0
'72149222': 0,0,0,0,0,0,0,0,0
'72149134': 0,0,0,0,0,0,0,0,0
'72149107': 0,0,0,0,0,0,0,0,0
'72148843': 0,0,0,0,0,0,0,0,0
'72148673': 0,0,0,0,0,0,0,0,0
'72148658': 0,0,0,0,0,0,0,0,0
'72148650': 0,0,0,0,0,0,0,0,0
'72148645': 0,0,0,0,0,0,0,0,0
'72148630': 0,0,0,0,0,0,0,0,0
'72148599': 0,0,0,0,0,0,0,0,0
'72148536': 0,0,0,0,0,0,0,0,0
'72148532': 0,0,0,0,0,0,0,0,0
'72148447': 0,0,0,0,0,0,0,0,0
'72148262': 0,0,0,0,0,0,0,0,0
'72148253': 0,0,0,0,0,0,0,0,0
'72148237': 0,0,0,0,0,0,0,0,0
'72148158': 0,0,0,0,0,0,0,0,0
'72148026': 0,0,0,0,0,0,0,0,0
'72147944': 0,0,0,0,0,0,0,0,0
'72147809': 0,0,0,0,0,0,0,0,0
'72147782': 0,0,0,0,0,0,0,0,0
'72147702': 0,0,0,0,0,0,0,0,0
'72147631': 0,0,0,0,0,0,0,0,0
'72147614': 0,0,0,0,0,0,0,0,0
'72147574': 0,0,0,0,0,0,0,0,0
'72147520': 0,0,0,0,0,0,0,0,0
'72147481': 0,0,0,0,0,0,0,0,0
'72147416': 0,0,0,0,0,0,0,0,0
'72147413': 0,0,0,0,0,0,0,0,0
'72147223': 0,0,0,0,0,0,0,0,0
'72147221': 0,0,0,0,0,0,0,0,0
'72147200': 0,0,0,0,0,0,0,0,0
'72147022': 0,0,0,0,0,0,0,0,0
'72146918': 0,0,0,0,0,0,0,0,0
'72146774': 0,0,0,0,0,0,0,0,0
'72146727': 0,0,0,0,0,0,0,0,0
'72146624': 0,0,0,0,0,0,0,0,0
'72146473': 0,0,0,0,0,0,0,0,0
'72146470': 0,0,0,0,0,0,0,0,0
'72146403': 0,0,0,0,0,0,0,0,0
'72146279': 0,0,0,0,0,0,0,0,0
'72145663': 0,0,0,0,0,0,0,0,0
'72145386': 0,0,0,0,0,0,0,0,0
'72145343': 0,0,0,0,0,0,0,0,0
'72145293': 0,0,0,0,0,0,0,0,0
'72145268': 0,0,0,0,0,0,0,0,0
'72145241': 0,0,0,0,0,0,0,0,0
'72145224': 0,0,0,0,0,0,0,0,0
'72144985': 0,0,0,0,0,0,0,0,0
'72144896': 0,0,0,0,0,0,0,0,0
'72144876': 0,0,0,0,0,0,0,0,0
'72144814': 0,0,0,0,0,0,0,0,0
'72144796': 0,0,0,0,0,0,0,0,0
'72144634']

: 0,0,0,0,0,0,0,0,0
